2 15 16 20 26 35 
1 3 4 11 17 19 23 24 25 26 28 
11 15 21 23 27 29 31 
7 14 17 21 33 45 
1 4 15 18 19 21 23 24 29 30 31 32 33 34 35 36 37 47 
3 31 35 38 41 
2 4 5 6 15 17 18 19 21 22 23 24 28 29 30 31 32 33 34 
15 17 18 19 21 22 
17 18 
21 22 23 
4 17 24 28 29 31 32 
17 22 24 28 29 30 31 32 33 34 36 37 38 40 
2 17 22 23 24 28 29 32 33 34 35 
2 5 7 8 10 11 12 13 14 23 30 33 34 40 41 45 46 48 
23 24 31 33 35 36 38 39 40 41 42 43 
3 15 16 21 24 27 30 31 38 41 
2 6 8 11 15 16 21 28 30 31 35 40 42 48 
4 8 17 23 29 30 31 
4 6 9 28 31 35 36 37 40 42 47 
18 21 22 23 24 35 39 44 47 
1 3 4 28 37 38 39 42 43 44 46 47 48 49 
7 8 9 10 28 34 37 
6 8 12 23 34 38 41 
6 8 28 34 36 38 39 41 42 45 
1 3 5 8 10 17 18 21 22 23 36 42 45 48 
6 8 10 11 28 34 39 41 
6 17 34 41 
8 45 46 47 
1 2 3 4 5 7 8 9 10 11 42 47 48 
2 6 10 15 27 29 32 33 36 37 38 44 49 
1 2 3 5 12 14 16 20 21 25 27 28 29 30 
1 2 6 7 9 14 16 20 21 23 24 28 29 30 33 36 37 38 
1 3 4 6 7 8 9 10 11 39 44 45 47 
1 2 3 4 5 8 9 10 11 12 13 14 15 16 17 39 
2 11 12 13 
1 2 4 5 6 8 10 11 13 14 45 47 
42 
7 14 23 30 32 39 44 48 49 
1 2 11 13 14 47 
1 5 7 9 12 17 20 21 22 23 
5 13 18 19 
1 3 4 11 14 47 
